|0 11001 1010101011100011110101110011111101010111000111110100100010110011|0 00000 1111001111010011001111001110000111010100011101011111010011010001|
|0 00010 1001111011011111011111111100110110011001010101010100110011001001|0 11110 0000010111100000001001000010011011000111011110011011100000010111|
|0 10010 0100010101111000000100010010000100101000001100000011101110001011|0 00001 1011101001100010100010001010111001000001111011101101110110001011|
|0 00000 0001100101111000101111101110010010101001001011010110000111111101|0 00100 0000111011010000110001000011101010001111011000100111110111000011|
|0 01011 0011000001001011110011011111111110001100111001111111001010101011|0 11010 1111101011001000000001001000100001111101101001001011000101111010|
|0 00011 0101010100010110101100001101011000010001110110010001000111011101|0 10101 0101000101011001010111001010111100110011101010001001000101100000|
|0 00011 1111001011111111111100101101111000111110010101110001101010101010|0 01010 0100111010100110101000110111110010100111100011000111110111111001|
|0 01101 0110001000001001001001100100010111100001001100111110001001000000|0 10010 1100101100110101001101101001001010010010111000111111011100101011|
- - - - -
Hits rate: 5.13% | Miss rate: 94.87%
- - - - -
